100007090030020008009600500005300900010080002600004000300000010040000007007000300
000000010400000000020000000000050407008000300001090000300400200050100000000806000
800000000003600000070090200050007000000045700000100030001000068008500010090000400
000000012000000003002300400001800005060070800000009000008500000900040500470006000
000000039000001005003050800008090006070002000100400000009080050020000600400700000
000000012008030000000000040120500000000004700060000000507000300000620000000100000
000000000000003085001020000000507000004000100090000000500000073002010000000040009
000000010400000000020000000000050604008000300001090000300400200050100000000807000
000700000100000000000430200000000006000509000000000418000081000002000050040000300
000000012400090000000000050070200000600000400000108000018000000000030700502000000
400000805030000000000700000020000060000080400000010000000603070500200000104000000
000075400000000008080190000300001060000000034000068170204000603900000020530200000
